89.99934245  0.108473  5.883182  0.1  175    8
90.01508268  0.106414  5.661978  0.1  313  -28
90.03544969  0.105946  5.612315  0.4  169    5
90.05683480  0.106920  5.715975  0.4  174   -1
90.06989157  0.105755  5.592038  0.3  172   11
90.09071422  0.108014  5.833478  0.4  174    5
90.12196945  0.106071  5.625566  0.8  260  -13
90.12791984  0.104403  5.450028  0.6   85  -19
90.14292097  0.105233  5.537034  0.5  172    8
90.15176046  0.104817  5.493260  0.1  171   14
90.17757234  0.106249  5.644429  0.4  349   -4
90.19402726  0.105351  5.549376  1.1  314  -23
90.21453709  0.107224  5.748534  0.5  355    4
90.23384312  0.107065  5.731482  1.0  172    5
90.25377615  0.106277  5.647357  0.6  354   -2
90.26640165  0.107080  5.733038  0.8  352   -4
90.29098910  0.107211  5.747128  0.6   85    5
90.30749192  0.106160  5.634980  0.3  352  -13
90.32084312  0.104222  5.431163  0.2  353  -10
90.34053175  0.104359  5.445430  0.3  175   -0
90.35057054  0.105109  5.523999  0.3  314  -22
90.37852692  0.106871  5.710745  0.4   86  -12
90.39739403  0.106794  5.702434  0.5  352   -4
90.41308169  0.108358  5.870776  0.5  263    2
90.43199130  0.106735  5.696154  0.6  264  -13
90.45037175  0.105252  5.538976  0.8  352   -6
90.45983774  0.105527  5.567976  0.9  352   -6
90.48791255  0.105545  5.569893  0.6  174    3
90.50750839  0.105882  5.605518  0.1  266   15
90.51729575  0.106467  5.667641  0.5   86   -2
90.54044710  0.106141  5.632970  0.7  354    6
90.55249815  0.108034  5.835641  0.4  172   32
90.57845235  0.107596  5.788399  0.6  354   -2
90.59944886  0.104550  5.465399  0.6  353    7
90.60996400  0.104570  5.467400  0.0  174    2
90.62712559  0.104252  5.434284  0.6  173   -5
90.64824500  0.106665  5.688704  0.5  314  -16
90.65460969  0.107083  5.733394  0.5  267   39
90.68533713  0.105777  5.594413  0.8  172    2
90.70916057  0.105560  5.571503  0.7  172    2
90.72299295  0.105312  5.545273  0.1  173    2
90.74066750  0.105024  5.515014  0.4  174   -2
90.74964857  0.106797  5.702809  0.0  315  -26
90.77861344  0.107738  5.803783  0.4  354   -4
90.79090468  0.107417  5.769231  0.6  356    5
90.81341598  0.107928  5.824253  0.4  175   12
90.83023095  0.107724  5.802209  0.2  175   10
90.84914500  0.106801  5.703261  0.5   81   24
90.86959296  0.106415  5.662078  0.5  353  -15
90.88178292  0.107033  5.728082  0.8  316   -4
90.90700091  0.109002  5.940710  1.1  173    7
90.91789871  0.109159  5.957812  0.9  357    4
90.93979503  0.107809  5.811416  0.8  355  -10
90.95735276  0.108317  5.866252  1.0  355   -0
90.98389614  0.106667  5.688977  0.8  355    0
90.99707370  0.104804  5.491973  1.2  173    2
91.00731299  0.105822  5.599151  1.1  173    5
91.02507625  0.106659  5.688059  0.7  353   -6
91.04658694  0.107743  5.804330  0.6  316  -17
91.06674405  0.109045  5.945372  1.1  173    3
91.08493732  0.107866  5.817588  0.2  265   17
91.10977293  0.106976  5.721914  1.0  352   -8
91.12081901  0.106857  5.709240  1.4  353   -9
91.14241997  0.106678  5.690092  1.6  354   -7
91.15698994  0.107339  5.760794  1.1  176   -4
91.18404941  0.106553  5.676797  1.5  358    1
91.19404063  0.108073  5.839861  1.4  175   13
91.21604829  0.107043  5.729101  1.2  175   12
91.23628283  0.107163  5.741958  0.2  264  -11
91.25199898  0.107479  5.775874  0.5  264  -11
91.27290257  0.108678  5.905407  0.5   86    8
91.29502230  0.107886  5.819692  0.5  354  -13
91.30853802  0.106232  5.642621  0.0  356   -5
91.32897524  0.106981  5.722493  0.5  176    9
91.34001724  0.105297  5.543778  0.6  355   -4
91.36050742  0.106676  5.689936  0.3   84   -6
91.38282239  0.105830  5.600023  0.0  178    0
91.39812474  0.105340  5.548281  0.1  264    0
91.41588535  0.105605  5.576205  0.1  166    9
91.43472651  0.106207  5.639918  0.4  266  -14
91.44493417  0.107477  5.775681  0.7  269   26
91.47020472  0.106211  5.640390  0.1  314  -30
91.49308553  0.106387  5.659129  0.1  269   21
91.50844078  0.103482  5.354237  0.2  354   -4
91.53163028  0.103396  5.345329  0.0  175    7
91.54804101  0.105467  5.561676  0.2  357   -2
91.56548656  0.104804  5.491954  0.1  357   -3
91.57573023  0.105050  5.517754  0.1  356   -1
91.59505856  0.104075  5.415770  0.3  352  -14
91.61424664  0.106302  5.650038  0.6  354    1
91.63486457  0.104776  5.489012  0.2  273   32
91.65569029  0.107431  5.770689  0.1  176   42
91.68117262  0.106760  5.698836  0.5  268  -16
91.69960844  0.103756  5.382627  0.1  353   -4
91.70571454  0.103837  5.391077  0.3  354   -1
91.73118564  0.102895  5.293701  0.6  174    7
91.74777185  0.105695  5.585667  0.8  355   -2
91.76935629  0.103941  5.401883  0.7  173   21
91.78976580  0.103106  5.315411  0.1  174   -2
91.80953397  0.106959  5.720095  0.7  171    5
91.82882798  0.105862  5.603428  0.8  353   -3
91.84105693  0.106509  5.672034  0.3  354    4
91.85923259  0.105419  5.556624  0.1  172    8
91.87866820  0.106838  5.707145  0.1  350    1
91.89995046  0.106566  5.678166  0.7  175    2
91.91816506  0.101927  5.194522  0.6  316   -9
91.93861966  0.103959  5.403771  1.5  355   -4
91.95452947  0.106296  5.649410  1.5  175    1
91.97966271  0.105906  5.608049  0.5  175   -8
91.98961125  0.105131  5.526272  0.3  176   -1
92.01312738  0.104803  5.491814  1.0   89  -29
92.02723452  0.105763  5.592898  0.2  313  -27
92.04679076  0.105881  5.605374  0.2  355    6
92.07174563  0.107394  5.766708  0.4  172   12
92.08862469  0.108616  5.898719  0.7  173   -3
92.10915296  0.106905  5.714358  0.8  173    4
92.12721829  0.103830  5.390336  0.0  173    4
92.13933433  0.104232  5.432172  0.1  356   -3
92.15986701  0.106489  5.669902  0.3   86   -6
92.18288740  0.106335  5.653527  0.3  174    4
92.21220621  0.107390  5.766323  1.3   42  -44
92.21893471  0.105049  5.517678  1.2  265   -3
92.24275667  0.105436  5.558372  1.0  353    3
92.25399603  0.106365  5.656750  1.1  354   -2
92.27406554  0.106100  5.628654  2.0  351    1
92.29400852  0.107606  5.789494  0.1  263   20
92.31814575  0.106836  5.706948  0.8  175    6
92.33329467  0.103132  5.318111  0.1  176    7
92.34767792  0.104424  5.452154  0.4  173   -2
92.35985749  0.108165  5.849880  0.0  316  -24
92.38754413  0.107654  5.794671  0.3  355    1
92.40352661  0.108254  5.859446  0.7  268   17
92.43388307  0.107394  5.766767  0.4  353  -11
92.44675212  0.106437  5.664422  0.5  260  -18
92.47116852  0.107422  5.769769  0.7   87  -19
92.47980959  0.105502  5.565348  0.0  175   17
92.49642948  0.107850  5.815785  0.5  314  -30
92.51369916  0.107224  5.748478  0.7  272   18
92.54039523  0.107819  5.812494  0.3  175    6
92.56533385  0.107532  5.781592  0.8  176    3
92.57627973  0.107008  5.725400  1.0  356   -9
92.60346903  0.107163  5.741988  1.1  173   11
92.61070008  0.105370  5.551429  1.1  351  -10
92.62957725  0.108571  5.893868  1.4  176   -2
92.65368419  0.108891  5.928594  0.8  264    3
92.67837893  0.107283  5.754828  0.2  355    1
92.69464495  0.106742  5.696903  1.1  315  -11
92.70360821  0.107684  5.797894  0.5   81   12
92.72953025  0.107055  5.730344  0.4  174    8
92.74464685  0.106995  5.723987  0.4  356   -6
92.76523431  0.108380  5.873064  0.1  177   -1
92.78975713  0.107667  5.796126  0.5  268   -2
92.80421694  0.107310  5.757696  0.9   88   -5
92.82371393  0.106961  5.720316  0.5   85   -6
92.84917636  0.107434  5.770990  1.0  353    4
92.86199996  0.106963  5.720548  1.2   82   20
92.88140946  0.106911  5.714953  0.4  356    7
92.89843058  0.107899  5.821101  0.2  314  -18
92.92014293  0.107444  5.772160  0.2  315  -13
92.94166571  0.106823  5.705617  0.3  354   -8
92.96397038  0.106755  5.698273  0.4  174   -0
92.97452724  0.107506  5.778725  0.5  354  -10
92.99804295  0.107117  5.737004  0.3  175    3
93.01567681  0.107599  5.788731  0.5  314  -13
93.03028365  0.107103  5.735474  0.7  175   -3
93.05444276  0.106927  5.716668  1.3  355    3
93.06855221  0.107780  5.808309  1.2  266    5
93.09126453  0.108741  5.912269  0.8  265   -2
93.11298938  0.106449  5.665652  0.3  313  -10
93.13339205  0.107816  5.812159  0.1  175   13
93.14634416  0.108092  5.841987  0.3  314  -17
93.16572989  0.106103  5.628952  0.5   84    8
93.18575353  0.106496  5.670650  0.2   82   11
93.20386260  0.105731  5.589477  0.7  269   20
93.23404978  0.108743  5.912550  1.1   85   50
93.23830216  0.106041  5.622314  0.4  314  -19
93.26645604  0.106782  5.701208  0.6  173    8
93.27589348  0.106360  5.656224  0.3  174    9
93.29456882  0.105001  5.512636  0.6  271   35
93.32129757  0.104059  5.414175  0.3  266   -6
93.33289355  0.105509  5.566040  0.3  319   -4
93.36483813  0.109003  5.940812  1.2  169  -18
93.38045622  0.104872  5.499017  2.0  177  -16
93.39777588  0.106204  5.639652  1.9  353   -6
93.41476173  0.105041  5.516789  1.9  352    3
93.43528195  0.106719  5.694506  1.2  176   -1
93.45078280  0.105362  5.550547  0.2  313  -31
93.47381876  0.103201  5.325233  0.1  312  -29
93.49371489  0.106228  5.642217  0.3  175   14
93.51017256  0.106930  5.717037  0.8  306  -31
93.53630192  0.107325  5.759318  0.2  266  -19
93.56380234  0.106095  5.628048  0.6   90    2
93.56712649  0.104649  5.475674  0.0  271   14
93.58583614  0.106809  5.704086  0.5  176    1
93.60569993  0.105839  5.600912  0.5  310  -13
93.63415106  0.106907  5.714506  1.1  355    3
93.63884161  0.105886  5.605920  0.2  315  -21
93.66188659  0.104113  5.419762  0.6  316   -8
93.69042914  0.106338  5.653874  0.1  266  -17
93.71151896  0.105642  5.580082  1.1  176    8
93.72227913  0.104148  5.423356  1.4  357    4
93.75116324  0.104676  5.478540  1.5  174   14
93.76567720  0.106286  5.648304  1.0  356   -3
93.78699187  0.106088  5.627293  0.0  265  -15
93.80653080  0.105529  5.568178  0.0  354   -7
93.82400788  0.104647  5.475467  0.1  354  -10
93.84241450  0.104278  5.436987  0.1  353   -7
93.85884037  0.106864  5.709989  0.3  353  -12
93.88432221  0.107240  5.750235  0.7  175   -5
93.90545912  0.106242  5.643661  0.2  355   -0
93.91950619  0.106526  5.673930  0.2  355    6
93.94525269  0.107325  5.759299  0.7  265  -13
93.96581532  0.106686  5.690910  0.9  267  -20
93.98077627  0.105452  5.560036  0.7  349  -12
94.00284889  0.105024  5.515068  1.3  174   -4
94.02066859  0.106981  5.722466  0.6  354   -2
94.03595455  0.105232  5.536904  0.1  176   -3
94.05862956  0.107182  5.743956  1.0   85   14
94.08388647  0.106114  5.630056  1.3  264   -3
94.10013202  0.105586  5.574244  1.5  264    0
94.11715344  0.105279  5.541810  1.3  175    6
94.13135244  0.106087  5.627182  0.1  319  -20
94.15627950  0.107266  5.752944  1.0  355   -5
94.17980410  0.106179  5.636993  1.0  355   -5
94.19769158  0.106840  5.707382  1.8  174   12
94.21152818  0.107481  5.776043  1.3  355    0
94.23443587  0.108973  5.937577  1.6  174   -9
94.25864039  0.106260  5.645552  0.1  277   10
94.27860011  0.105071  5.519922  0.0  103  -10
94.28766157  0.105147  5.527961  0.1  104  -12
94.30971450  0.105521  5.567361  0.1  355   -2
94.33781623  0.105565  5.572030  0.5   80   25
94.35033937  0.105297  5.543765  0.8  272   33
94.37655796  0.106602  5.682021  0.5  268   -6
94.38383214  0.106751  5.697905  1.1  278   48
94.40949669  0.107976  5.829395  0.1   98    8
94.43494746  0.105059  5.518745  1.3  353  -12
94.45244142  0.102979  5.302293  1.5  355  -11
94.47125537  0.104470  5.456972  1.9  355    0
94.48538564  0.106153  5.634265  1.5  175   15
94.52069836  0.104474  5.457403  2.0  175   -6
94.52910295  0.105012  5.513810  2.6  177    4
94.54771547  0.103188  5.323893  2.4  176    6
94.56870328  0.104115  5.420016  0.7  267  -22
94.58662395  0.104013  5.409334  1.6  357    3
94.60924553  0.104332  5.442627  1.0  176    0
94.62762504  0.105938  5.611420  0.8  355   -7
94.65046587  0.103966  5.404495  0.7  264  -10
94.66084777  0.105479  5.562919  1.3  270   32
94.68130680  0.108322  5.866874  1.5   44   38
94.70854806  0.105496  5.564687  0.4  172    4
94.72660979  0.105256  5.539400  0.8  172   10
94.75073039  0.103427  5.348604  0.8  352    4
94.76899285  0.107245  5.750730  0.9  176   12
94.77954525  0.106036  5.621833  0.7   79  -67
94.81464126  0.106535  5.674896  0.8  274   16
94.82300968  0.105063  5.519080  1.3  172   -5
94.84578563  0.102907  5.294941  1.1  353  -11
94.86704048  0.102763  5.280097  1.2  176   -1
94.88599745  0.103430  5.348842  0.7  176   -1
94.90585234  0.102642  5.267712  1.6  176   -0
94.92713195  0.102794  5.283254  1.8   89  -18
94.93865598  0.102524  5.255586  1.9  177   -4
94.96647355  0.102259  5.228422  1.0  355    1
94.98478008  0.102595  5.262890  0.6  354   -1
95.00517832  0.102810  5.284901  1.4  173   10
95.02498654  0.102892  5.293395  1.2  174   12
95.03315521  0.103158  5.320758  0.3  276   42
95.06475300  0.105163  5.529597  0.5  176    5
95.08903082  0.105745  5.590970  0.1   90   11
95.10943771  0.104221  5.430998  0.8   95  -27
95.12636929  0.105027  5.515303  0.6  175   -3
95.14406263  0.105138  5.526967  0.6  176   -5
95.17141580  0.104240  5.433011  0.3  355    5
95.18211570  0.103257  5.330994  1.1   86   23
95.20972431  0.105224  5.536030  0.7   54  -52
95.22213898  0.105903  5.607715  0.8  270  -11
95.24752916  0.104688  5.479776  1.1  272   37
95.27112362  0.099220  4.922349  0.7  352   -9
95.28152095  0.100880  5.088367  1.0  174    2
95.30230342  0.103075  5.312211  0.8  177    1
95.32406890  0.104664  5.477319  0.6  265    4
95.35033371  0.104496  5.459696  2.1  355    5
95.36899609  0.104197  5.428501  2.2  175  -16
95.38660606  0.102839  5.287928  2.4  170   13
95.39843370  0.104440  5.453890  1.5   84   -3
95.42002745  0.103757  5.382789  1.3   88  -49
95.44583111  0.104106  5.419013  1.6  355   -0
95.46190775  0.105544  5.569777  2.0  284   55
95.48786299  0.105510  5.566228  0.8  280   -2
95.50646084  0.105656  5.581611  1.5   89   17
95.51730814  0.106077  5.626142  1.5  178   -0
95.54182446  0.106584  5.680090  1.1  316    1
95.56093753  0.104836  5.495324  1.5  268   21
95.59212540  0.103781  5.385229  1.2  283  -11
95.60693896  0.104615  5.472123  0.5  353   -3
95.62918699  0.105510  5.566192  0.7  352    7
95.65634539  0.103916  5.399229  0.9  173   13
95.67406335  0.103822  5.389551  1.4   79   57
95.67754508  0.103696  5.376476  1.1  269   52
95.70533538  0.102194  5.221780  1.4  171   -8
95.73455899  0.102756  5.279432  2.1  174  -33
95.75222587  0.102454  5.248361  2.9  355  -10
95.77463996  0.104049  5.413060  2.3  176    2
95.78168241  0.103892  5.396820  2.1  176    3
95.81404162  0.103282  5.333588  1.7  354    3
95.83098039  0.104120  5.420516  1.8  354   -0
95.85192085  0.102171  5.219467  1.4  354   -2
95.87058812  0.101776  5.179170  1.1  354    6
95.88997019  0.103452  5.351174  1.6  294   53
95.91096278  0.104492  5.459295  0.8  174    9
95.93325387  0.105313  5.545433  0.5  354    2
95.95552833  0.104774  5.488759  1.0   54   36
95.96860660  0.105106  5.523589  0.6  353   -9
95.98964411  0.105600  5.575691  1.3  168   50
96.01842023  0.104013  5.409309  1.7  103  -18
96.03579830  0.107122  5.737538  1.5  173   -1
96.05268018  0.104247  5.433760  1.8  316   -8
96.08018896  0.103037  5.308313  0.3  357    7
96.08813680  0.103945  5.402304  0.8  315  -30
96.12908426  0.103779  5.385092  1.5  172    4
96.13280063  0.102916  5.295831  1.3  353  -11
96.15935170  0.102726  5.276280  0.9  175    2
96.17814431  0.102595  5.262900  0.6  176    5
96.19535686  0.104683  5.479240  0.2   84   -3
96.22016732  0.104467  5.456718  0.8  174   10
96.23378177  0.102445  5.247500  1.5  173    8
96.25598052  0.104091  5.417443  1.7  354   -2
96.27839195  0.103353  5.340889  0.3   84   -8
96.30286213  0.101345  5.135409  0.5  355   10
96.32139210  0.105022  5.514798  0.5  174   -6
96.34434186  0.104214  5.430293  1.3  173   -1
96.35831183  0.104149  5.423467  0.8  175   -1
96.37567779  0.104415  5.451288  1.3  354  -11
96.40079696  0.104757  5.487047  1.6  175    6
96.42608372  0.105553  5.570681  1.6  173    1
96.44480737  0.106335  5.653555  2.1   90  -18
96.46208654  0.106805  5.703653  1.7  273   -7
96.47629620  0.105970  5.614838  1.4  273   53
96.51265083  0.105771  5.593803  0.1  354   -0
96.52488986  0.106015  5.619567  0.1  355    1
96.54455939  0.106307  5.650630  1.3   89    2
96.57552090  0.105966  5.614352  1.4  312   -3
96.58915600  0.105253  5.539150  1.7  176   -4
96.61192181  0.104742  5.485412  2.3  174    7
96.62780128  0.105541  5.569441  2.9  173    6
96.64792283  0.104927  5.504879  2.9  175   -5
96.67243722  0.103637  5.370301  2.4  176   -5
96.69669468  0.104852  5.496999  2.4  176   -7
96.70796220  0.104786  5.490104  1.9  318  -15
96.73271059  0.105180  5.531390  2.7  178   -1
96.74832643  0.105377  5.552184  2.4  357   -1
96.77234576  0.104616  5.472249  1.6  176   39
96.79576831  0.106559  5.677410  2.1  357  -11
96.81871637  0.107056  5.730517  1.2  176   -1
96.84301774  0.105474  5.562365  0.6  265  -13
96.85007470  0.105381  5.552576  0.9   93  -20
96.87179307  0.104035  5.411633  0.6  317  -15
96.89687748  0.107007  5.725242  0.8  264   -5
96.91875985  0.109038  5.944683  0.4  168   18
96.93900303  0.109801  6.028088  0.7   58  -37
96.96402870  0.109592  6.005202  0.5   86  -23
96.98125127  0.109232  5.965850  0.7  357    2
97.00187941  0.108469  5.882788  0.8   85   12
97.02372232  0.107515  5.779775  1.1  353   -2
97.04218260  0.108141  5.847257  1.1   88   -9
97.06605582  0.107954  5.827002  1.2  266    6
97.08436981  0.106170  5.636005  0.5  173   -4
97.11029247  0.105596  5.575229  1.0  177   -3
97.12509082  0.104376  5.447193  0.1  263    9
97.14940443  0.105862  5.603348  1.5  354   -6
97.16673926  0.106617  5.683551  1.6  356    1
97.19078550  0.106671  5.689322  1.2  173   -7
97.20768878  0.106183  5.637446  0.6  174   -0
97.23237493  0.105396  5.554110  0.5  269   -2
97.24478663  0.105490  5.564094  0.6  265    7
97.27100861  0.104379  5.447519  1.3  353   -8
97.29455541  0.105882  5.605492  0.8  353   -8
97.32460329  0.105493  5.564431  1.5  355   -2
97.33314747  0.105665  5.582523  1.7  173    9
97.36076081  0.108194  5.852970  0.6  174   -1
97.37572518  0.108333  5.867980  2.0  269   -2
97.38913485  0.109071  5.948247  1.6  278   47
97.42048919  0.107018  5.726454  1.4  271   10
97.43845102  0.107273  5.753801  0.4  269   13
97.46825943  0.108506  5.886770  1.1  358    2
97.48779306  0.107745  5.804454  0.2   87   14
97.50512191  0.107719  5.801666  0.3  267   28
97.53227321  0.105921  5.609672  1.8  175   -7
97.53390201  0.106859  5.709442  0.1  270   42
97.56521349  0.105306  5.544672  1.7  176   -3
97.58591801  0.108113  5.844264  1.9  175   -1
97.60883539  0.104825  5.494165  1.4  315    3
97.62909476  0.106436  5.664270  1.0  176   -4
97.65570313  0.105548  5.570175  1.9  358    1
97.66427751  0.105115  5.524548  2.0  174    9
97.69503855  0.104807  5.492283  2.0  356   -3
97.71704214  0.105215  5.535062  2.1  177    5
97.73363988  0.104957  5.508017  2.1  355    0
97.75327208  0.104095  5.417836  1.1  357   -4
97.76253555  0.104070  5.415289  0.8  355    1
97.79605089  0.107931  5.824596  0.3  174    5
97.81928451  0.105791  5.595887  0.6  278    5
97.84368131  0.106471  5.667994  0.3  351    6
97.85640489  0.106264  5.646049  0.3  352    1
97.88288281  0.107173  5.743013  0.1  356    4
97.91151023  0.106663  5.688515  0.8  354   -1
97.91973860  0.105490  5.564112  1.3  313  -14
97.94343258  0.107761  5.806188  1.3   87   -1
97.96272625  0.105265  5.540380  0.9  316  -10
97.98540702  0.105395  5.554016  0.1  353    3
98.01381351  0.106418  5.662448  0.6  175   -2
98.03316690  0.106280  5.647694  0.9  354   -9
98.05322871  0.105085  5.521419  0.2  357   10
98.07579575  0.105790  5.595741  1.0  354    1
98.10480020  0.105114  5.524483  0.5  175   -1
98.11762934  0.103237  5.328934  0.2  174    5
98.13331131  0.105278  5.541678  0.5  355    1
98.15871656  0.104097  5.418098  0.2  354  -10
98.18340405  0.103067  5.311394  0.7  176   -1
98.19720438  0.102419  5.244837  1.2  175    4
98.22399165  0.105108  5.523880  1.6  174    3
98.24212987  0.104916  5.503726  1.3  173    3
98.26363502  0.103732  5.380139  1.0  173   -2
98.28230791  0.104053  5.413506  0.6  352   -9
98.30897037  0.104558  5.466184  0.7  175    5
98.33340312  0.105431  5.557846  0.7  174   10
98.35184201  0.105596  5.575309  1.1  356    7
98.37414029  0.108005  5.832552  0.9   87   10
98.39901770  0.106021  5.620238  0.4   82   17
98.41553282  0.104855  5.497297  1.9  177   -2
98.43135071  0.105021  5.514746  0.2   84   13
98.45958231  0.104970  5.509402  1.8  177   -1
98.47852958  0.103718  5.378734  1.7  178   -3
98.49955597  0.104444  5.454262  2.0  176    2
98.52947023  0.101886  5.190397  0.9  175    4
98.53974460  0.103641  5.370687  1.1  354   -1
98.56239494  0.104805  5.492091  0.9  176   -3
98.58761693  0.106705  5.692964  0.1  312  -30
98.60912218  0.104647  5.475482  1.8  354   -7
98.63342301  0.101881  5.189899  2.3  174   -2
98.64350759  0.103168  5.321824  2.2  354   -9
98.66900249  0.104282  5.437366  1.1  175   12
98.68517908  0.106119  5.630635  0.6  174   13
98.71294593  0.104509  5.461071  0.6  316  -15
98.73768706  0.104880  5.499894  0.2  353   -2
98.76023369  0.105071  5.519926  0.5  175   -1
98.78007442  0.104818  5.493396  0.3  174   12
98.80487702  0.104601  5.470643  0.3  313   -6
98.82494970  0.105803  5.597130  0.8  264  -15
98.84109512  0.105358  5.550176  0.4  260  -13
98.86176539  0.104258  5.434917  1.0  315   -9
98.88828778  0.105890  5.606327  0.7  175   -2
98.91055915  0.105899  5.607298  1.0  184  -24
98.93126141  0.105274  5.541342  0.3  353   -4
98.95249553  0.105523  5.567565  0.5  264    6
98.97281038  0.103346  5.340149  0.3  171   10
98.99836990  0.106367  5.656966  0.2  172    9
99.01388886  0.105412  5.555801  0.6  353   -1
99.04261917  0.102218  5.224270  0.1  172    1
99.05965011  0.103980  5.405875  0.1   81   -2
99.08383418  0.103791  5.386315  0.4  173   -6
99.10912113  0.101074  5.107961  0.7  175    1
99.12931306  0.103652  5.371860  0.9   81    0
99.14669835  0.103416  5.347447  1.8  170    6
99.17098799  0.103328  5.338368  1.2  168    0
99.18516203  0.103971  5.405010  1.4  269   20
99.21490341  0.106202  5.639477  1.1  175   -2
99.23377942  0.104505  5.460679  0.9  312  -11
99.25404579  0.107230  5.749165  0.3  312  -30
99.27198852  0.103771  5.384258  1.1  314  -11
99.30602704  0.103943  5.402032  0.2   84   28
99.31738493  0.103481  5.354134  0.8   83   30
99.34845604  0.103754  5.382426  0.5   85   10
99.35894407  0.106550  5.676490  0.8  270   48
99.39069388  0.104001  5.408069  2.0  354   -4
99.41019694  0.103972  5.405114  1.8  355    6
99.42463761  0.105100  5.522983  0.7  271   44
99.45746253  0.105008  5.513341  1.4  356    0
99.47360280  0.104032  5.411314  0.3  355    2
99.49394997  0.102605  5.263933  1.1  353  -14
99.51801341  0.103256  5.330916  1.6  354   -0
99.53939730  0.103334  5.338943  1.9  356   -7
99.55734339  0.100919  5.092358  1.3  355   -2
99.58531452  0.102364  5.239156  1.5  355   -1
99.60517630  0.104046  5.412831  1.5  172    7
99.63239688  0.103356  5.341265  0.6  170   20
99.65209292  0.101579  5.159186  0.3  277   14
99.65793070  0.104120  5.420449  0.5  271   14
99.69675373  0.103814  5.388640  0.1  176   -1
99.71508984  0.104889  5.500838  0.2  175   -1
99.73223718  0.100835  5.083856  0.3  314  -19
99.76035313  0.104387  5.448324  0.1  351    5
99.78911770  0.105147  5.527969  1.2   80  -15
99.80746417  0.104458  5.455729  1.0  263  -14
99.82568030  0.105345  5.548831  0.9  174   -1
99.84762309  0.105379  5.552378  0.9  258   -6
99.86659051  0.103125  5.317370  0.1  169   12
99.88820277  0.103520  5.358197  1.6  315   -6
99.91046235  0.104857  5.497479  0.7  311  -29
99.93972847  0.104887  5.500604  0.2   82   -0
99.96375640  0.100455  5.045590  0.0  350  -13
99.97478734  0.103790  5.386182  0.2  353  -11
